place(16.620, 0.975, 18.225, "Trapper", 500)
upgrade(16.620, 2.325, 18.225, 500)
place(21.819, 0.981, 17.998, "Trapper", 500)
upgrade(21.819, 2.331, 17.998, 500)
place(9.958, 0.967, 19.978, "Trapper", 500)
upgrade(9.958, 2.317, 19.978, 500)
place(19.263, 0.955, 16.373, "Trapper", 500)
upgrade(19.263, 2.305, 16.373, 500)
upgrade(19.263, 2.305, 16.373, 1500)
upgrade(21.819, 2.331, 17.998, 1500)
SetTrap(19.263, 2.305, 16.373, "Landmine", 2691)
upgrade(9.958, 2.317, 19.978, 1500)
place(16.351, 0.946, 14.986, "Trapper", 500)
upgrade(16.351, 2.296, 14.986, 500)
upgrade(16.351, 2.296, 14.986, 1500)
SetTrap(16.351, 2.296, 14.986, "Landmine", 1314)
place(22.094, 0.972, 14.905, "Trapper", 500)
upgrade(22.094, 2.322, 14.905, 500)
upgrade(16.620, 2.325, 18.225, 1500)
place(10.643, 0.970, 23.184, "Trapper", 500)
upgrade(10.643, 2.320, 23.184, 500)
upgrade(10.643, 2.320, 23.184, 1500)
SetTrap(10.643, 2.320, 23.184, "Landmine", 1422)
upgrade(22.094, 2.322, 14.905, 1500)
place(-19.660, 0.982, -9.436, "Trapper", 500)
sell(9.958, 2.317, 19.978)
place(-19.771, 0.985, -16.611, "Trapper", 500)
upgrade(-19.771, 2.335, -16.611, 500)
upgrade(-19.771, 2.335, -16.611, 1500)
upgrade(-19.771, 2.335, -16.611, 5000)
upgrade(-19.771, 2.335, -16.611, 13500)
